,Destination Port,Flow Duration,Total Fwd Packets,Total Backward Packets,Total Length of Fwd Packets,Total Length of Bwd Packets,Fwd Packet Length Max,Fwd Packet Length Min,Fwd Packet Length Mean,Fwd Packet Length Std,Bwd Packet Length Max,Bwd Packet Length Min,Bwd Packet Length Mean,Bwd Packet Length Std,Flow Bytes/s,Flow Packets/s,Flow IAT Mean,Flow IAT Std,Flow IAT Max,Flow IAT Min,Fwd IAT Total,Fwd IAT Mean,Fwd IAT Std,Fwd IAT Max,Fwd IAT Min,Bwd IAT Total,Bwd IAT Mean,Bwd IAT Std,Bwd IAT Max,Bwd IAT Min,Fwd PSH Flags,Bwd PSH Flags,Fwd URG Flags,Bwd URG Flags,Fwd Header Length,Bwd Header Length,Fwd Packets/s,Bwd Packets/s,Min Packet Length,Max Packet Length,Packet Length Mean,Packet Length Std,Packet Length Variance,FIN Flag Count,SYN Flag Count,RST Flag Count,PSH Flag Count,ACK Flag Count,URG Flag Count,CWE Flag Count,ECE Flag Count,Down/Up Ratio,Average Packet Size,Avg Fwd Segment Size,Avg Bwd Segment Size,Fwd Header Length.1,Fwd Avg Bytes/Bulk,Fwd Avg Packets/Bulk,Fwd Avg Bulk Rate,Bwd Avg Bytes/Bulk,Bwd Avg Packets/Bulk,Bwd Avg Bulk Rate,Subflow Fwd Packets,Subflow Fwd Bytes,Subflow Bwd Packets,Subflow Bwd Bytes,Init_Win_bytes_forward,Init_Win_bytes_backward,act_data_pkt_fwd,min_seg_size_forward,Active Mean,Active Std,Active Max,Active Min,Idle Mean,Idle Std,Idle Max,Idle Min
Destination Port,1.0,0.17387808657549386,0.0046954144032112875,0.0043943726799367195,0.009466488791786274,0.0034192728010081965,0.09038462947060977,0.04610976687433161,0.1368550329413118,0.12248848572323189,0.21473193923773323,0.2619049752593481,0.24082529078931283,0.1924454247962338,0.07028506265470207,0.35953083775174993,0.1149063276317126,0.13354363573676942,0.13252723854273693,0.023601793188886843,0.17301709360721207,0.10823027607277858,0.11250567133261527,0.13122523500493727,0.05603925992406708,0.1213627443719391,0.07673738630374162,0.04258012136209034,0.06275812630896621,0.05562585070454174,0.23450339695778671,,0.004435092173706243,,0.0008063328384781615,0.0007683628351226185,0.3486280459833915,0.14469341440969233,0.2536969856681044,0.14542505475373085,0.17327658282806138,0.14143668021752046,0.07874155398100989,0.03828894374219819,0.23450339695778671,0.00720128842477181,0.22091007797937454,0.5865774858321618,0.5249248808112807,0.004435092173706243,0.007111808384459533,0.02904049257866761,0.17462300224276125,0.1368550329413118,0.24082529078931283,0.0008063328384781615,,,,,,,0.0046954144032112875,0.009479804543179282,0.0043943726799367195,0.00341924682018296,0.1350560371288382,0.2053778928649749,0.0035740604054457187,0.0010135282768301212,0.041193882955110145,0.04868448817384772,0.058776779768449,0.02759469405013423,0.12954711777709818,0.006369948447210603,0.12524364534248894,0.13104962518695212
Flow Duration,0.17387808657549386,1.0,0.020544392928776512,0.019366837110705686,0.06334138281219154,0.015981105338100432,0.26257931977734605,0.11504800523196704,0.13349101140140696,0.22409266818174492,0.4848172116773934,0.2384440364753356,0.44743868437459855,0.4325715059988545,0.0250459513447996,0.1105086828337662,0.5342496876964845,0.734439872285126,0.7795959213123165,0.060384236049457626,0.9985267446650781,0.5425972964847906,0.7206442239350602,0.7793435274729378,0.20952088736243568,0.819627386552049,0.4081965568659686,0.5172889651790712,0.5798713670957322,0.2124761743920654,0.017621784888210305,,0.0026796105778293627,,0.0005829239773347625,0.001042208520859036,0.10023054822535965,0.08029463888419398,0.24611126507411335,0.5004502398552759,0.4160678680437259,0.44401522592198683,0.2709536213374461,0.21793225897076854,0.017621784888210305,0.008008296376763336,0.17748134297076423,0.03270402884043472,0.11835147615332241,0.0026796105778293627,0.007956641403254774,0.16538590631279904,0.39362433835085797,0.13349101140140696,0.44743868437459855,0.0005829239773347625,,,,,,,0.020544392928776512,0.06342407525914251,0.019366837110705686,0.015980667544277922,0.0926810632533835,0.03536840947907706,0.01570907881546561,0.001224876646633111,0.1845916177300406,0.23826227660277063,0.28955721590963657,0.1169029523076927,0.763753077160589,0.24011384921746906,0.7753848641239778,0.7337263854513068
Total Fwd Packets,0.0046954144032112875,0.020544392928776512,1.0,0.9990702098257314,0.3655100120621662,0.9969935062541508,0.009047438367883747,0.003238626008476289,0.000278330562025002,0.0010837240452757043,0.022527806553913392,0.00605944477641137,0.021099094201727897,0.006006782736215667,0.0003895488015193781,0.0023535924105328463,0.0013977652029565377,0.0009949098999214362,0.001822614161440399,0.000594335739410771,0.020212965365304193,0.0013912578512263241,0.00037080875081378477,0.0013787025040417514,0.0013032800542747314,0.023771935667786258,0.0009055454745069527,0.0004496970646892173,0.0030666648923703458,0.001157133027115653,0.0018746055407937697,,5.988987397475902e-05,,0.0043925325808740374,0.013750504990870938,0.0021469650807001,0.0016513930462896136,0.006762981097194232,0.021710113400653396,0.024218525379319296,0.011618331061047635,0.005111102790954477,0.0013515253121803954,0.0018746055407937697,0.00033684987013108433,0.007011269088871095,0.0013681450996539143,0.0038176855128942283,5.988987397475902e-05,0.00033529806656366977,0.0009071324688564805,0.02184208049568812,0.000278330562025002,0.021099094201727897,0.0043925325808740374,,,,,,,1.0,0.36599209134845195,0.9990702098257314,0.9969873628559397,0.0036993950514406706,0.0006798716477522427,0.8873857929361042,0.00018106497832830683,0.03981173895318416,0.008195764218031676,0.030305201860739872,0.04117693876628204,0.001363992830408182,0.000664119981085481,0.001444424077456209,0.001229633272729313
Total Backward Packets,0.0043943726799367195,0.019366837110705686,0.9990702098257314,1.0,0.3594569967026173,0.9944296696744144,0.008742509076835513,0.0028197569890611777,0.0006317634721582734,0.0007191918298983031,0.022322079456549494,0.005337707881724594,0.021224000640612774,0.005687254015849334,0.00033385873261903177,0.0023931843910387487,0.0017400035379705593,0.0014623978246687593,0.0013702742911982572,0.000619766112619879,0.019016657075317196,0.0015683977374592796,0.0008943218980686804,0.0009118980971235115,0.0011717208525094482,0.02320020368203001,0.0010591971598440766,0.0002493444765001665,0.0031514472417679155,0.0011111317590927056,0.0016679896386480675,,6.11682586046716e-05,,0.004638933408358881,0.013766293031077244,0.002243888174239181,0.001366863897864616,0.006129563738229382,0.02144824169977786,0.02463857248622423,0.01147711030035567,0.00508435944833626,0.0011958815868046892,0.0016679896386480675,0.00021221577488984812,0.006445593195494993,0.001197944866557481,0.003173384834534881,6.11682586046716e-05,0.00021116326071902295,0.003302402825077424,0.022271784931052217,0.0006317634721582734,0.021224000640612774,0.004638933408358881,,,,,,,0.9990702098257314,0.3599390297514522,1.0,0.9944244918146811,0.003140696517854913,0.0006798663428934885,0.8825656722694825,2.1413005045984338e-05,0.03884374414851962,0.006308222134046746,0.028454203943840347,0.04117749369703982,0.0009860680391906105,0.00035284323304601595,0.0010108388829336086,0.0009056422548206869
Total Length of Fwd Packets,0.009466488791786274,0.06334138281219154,0.3655100120621662,0.3594569967026173,1.0,0.35378250417828044,0.19617768823396745,0.001661385300992007,0.18503380796534374,0.1587998735155323,0.020568480501991636,0.02778943597787801,0.016280631809127883,0.007498116278553985,0.002261324027743283,0.011920994821605913,0.0025949376375025645,0.012508740763489255,0.024700348464703394,0.003069492280611512,0.06252467788846103,0.00414958924041595,0.021070389780538528,0.024779269718396325,0.006194645215343941,0.07593510010028053,0.006394501600827679,0.03493062165210229,0.040256079443799504,0.00518456506628219,0.008641316088732807,,0.00032822977041884003,,0.00015697882270097652,0.005022902949396201,0.01067500610851713,0.009371479315521009,0.028357906726906378,0.07464163691923277,0.08121869528953594,0.05719249881786867,0.033708736699436054,0.005915497213258521,0.008641316088732807,0.004455010110747402,0.044398014187194135,0.003635622773545404,0.005221564560315705,0.00032822977041884003,0.004444132224894487,0.011741946659918982,0.07587686909269273,0.18503380796534374,0.016280631809127883,0.00015697882270097652,,,,,,,0.3655100120621662,0.999999358151046,0.3594569967026174,0.35378911515968825,0.03053031309097053,0.009924781701761068,0.4074729563039794,0.0011916090065493166,0.1003587559883107,0.10271288285399172,0.1256932723977158,0.06770021670462838,0.02045631731942164,0.026349977575324954,0.023876006674309485,0.016474522730021212
Total Length of Bwd Packets,0.0034192728010081965,0.015981105338100432,0.9969935062541508,0.9944296696744144,0.35378250417828044,1.0,0.006392563161429892,0.002343857624733079,0.0016726607674291446,0.0007036883623461453,0.021817910319233903,0.004257230914649077,0.020533189013310197,0.005745358451522909,0.0005284745443867394,0.001681065530491925,0.001658753810518599,0.0015112467583289395,0.0008060089729846567,0.0004312544504695783,0.015665144256137832,0.0015431786622599184,0.0010477960939318447,0.000354318798342067,0.0009477629832891141,0.018944949011860023,0.0013201769460450647,0.0006733545339756163,0.0017123635110529044,0.0009324546322164245,0.0016365919077972132,,4.3003383816518906e-05,,0.004621330828944125,0.013691430874775876,0.0015666782622538534,0.0010095424023627037,0.0048830413190543,0.020698013021381106,0.023292920900629142,0.011007150548506282,0.005715694300566878,0.0008321078020405811,0.0016365919077972132,0.0001186807195672569,0.003758480987480542,0.002336633869950234,0.0025572917206727473,4.3003383816518906e-05,0.00011787365080896687,0.002964232838425786,0.021142162108218166,0.0016726607674291446,0.020533189013310197,0.004621330828944125,,,,,,,0.9969935062541508,0.3542619121108584,0.9944296696744146,0.9999998601334651,0.0012147277434760863,0.0007748747993010986,0.8839663559108433,2.0414596393863902e-05,0.03587431136320366,0.003396126517194202,0.024732599027714578,0.03899982195462472,0.00047964969278081006,1.3665913621573442e-06,0.00046349105794294126,0.00047167045994831407
Fwd Packet Length Max,0.09038462947060977,0.26257931977734605,0.009047438367883747,0.008742509076835513,0.19617768823396745,0.006392563161429892,1.0,0.0039600164641698,0.8889407708388861,0.9685167892827442,0.08362723293852047,0.14189843482735473,0.06335881381287556,0.06501347045813712,0.03616106185283419,0.055842564979063036,0.06340809815539519,0.14651888461605508,0.19117935124329524,0.015747562092306308,0.25879016854526427,0.07805141435266408,0.21548805217444583,0.19527561872125535,0.029973885284143603,0.2906734701668473,0.06120615603320227,0.2644752391564516,0.25209877621929644,0.028599485867421906,0.005366907655929874,,0.001736012940219846,,0.0005749346561425889,0.0006036612169413523,0.048951557355760074,0.04931190964125301,0.14542944722676743,0.37912868551713874,0.33018852098273604,0.3419981154790407,0.25256820226967436,0.003211741736530998,0.005366907655929874,0.01771629996340442,0.22436223436823519,0.02735318152166081,0.02122655757509017,0.001736012940219846,0.017697661320060214,0.0509658401310045,0.32157118931304507,0.8889407708388861,0.06335881381287556,0.0005749346561425889,,,,,,,0.009047438367883747,0.19644174266131262,0.008742509076835513,0.006392766171497083,0.15646033706353588,0.015837229523088702,0.007324999879609802,0.0006076175997965463,0.12030483487350666,0.0878585641435583,0.13844672257577867,0.10265302545731506,0.17096424709425806,0.17524220552188013,0.1895039472973757,0.14685153438253262
Fwd Packet Length Min,0.04610976687433161,0.11504800523196704,0.003238626008476289,0.0028197569890611777,0.001661385300992007,0.002343857624733079,0.0039600164641698,1.0,0.24412333543573164,0.07803917540086763,0.13266927765809935,0.2949332458441775,0.11362156523815437,0.13327061672330845,0.0020784778397819046,0.05038485125385686,0.021393030542395115,0.057441085003455704,0.08271429746466148,0.002021327532008619,0.1188651349574573,0.013184489311700982,0.10584882742729085,0.08943464632817778,0.04190297900689283,0.08045146763427226,0.015034375142070797,0.05346882174907366,0.03502222950996569,0.03928316389231154,0.09626581015503814,,0.0017692947896637116,,0.001318324471347982,0.0006792776482552782,0.04789764930889671,0.02551773467430298,0.442694709422108,0.11515424704309647,0.05630852545255403,0.1023938122664936,0.08851098479321182,0.051614007689343266,0.09626581015503814,0.005181672323038944,0.20244868528008494,0.10611376311240284,0.016147492755011105,0.0017692947896637116,0.0046680910591639455,0.2935530887547661,0.039178534951589995,0.24412333543573164,0.11362156523815437,0.001318324471347982,,,,,,,0.0032386260084762888,0.0016632871618015696,0.0028197569890611777,0.0023438399151120776,0.14651670034138503,0.06992224170956013,0.002291268874876014,0.0012256044399818421,0.03603756955499639,0.03307094908070689,0.045370507001819396,0.027933111954257194,0.07790747508968526,0.03224617069506325,0.08020379731058132,0.0736734646710651
Fwd Packet Length Mean,0.1368550329413118,0.13349101140140696,0.000278330562025002,0.0006317634721582734,0.18503380796534374,0.0016726607674291446,0.8889407708388861,0.24412333543573164,1.0,0.8977110175888656,0.0032508528948199116,0.03941876405018379,0.014035455800225373,0.006217826857095872,0.0864587878182693,0.042326242561099285,0.04600572971018952,0.1112691691211179,0.14129217599637317,0.012137863579136597,0.1300516759279799,0.06382352441485489,0.1630351041560195,0.14478474068235095,0.011616044265656593,0.16871126038208303,0.059599630917293145,0.2326671842319589,0.2229749918511475,0.009477771220556135,0.062316599876446846,,0.0018374485040952328,,3.9833150003017226e-05,0.0002162698453319373,0.03546101770058512,0.04586158412496508,0.00694165541132133,0.28706935007404116,0.29702237017932476,0.2790283824439373,0.21137149855600085,0.015086411482632116,0.062316599876446846,0.012867265445124685,0.09059923564617234,0.006089545840963736,0.05023096049276172,0.0018374485040952328,0.012978754101172538,0.0312836466622215,0.2990586575152526,1.0,0.014035455800225373,3.9833150003017226e-05,,,,,,,0.00027833056202500214,0.1852771627517845,0.0006317634721582733,0.0016726352672650805,0.0463566567117113,0.01512269826994722,0.00011580875481865613,0.00012146483455826729,0.09035555847546538,0.05395670972676157,0.09033179590593741,0.07887600532359304,0.11945298145409915,0.17684033820097259,0.14012805391972907,0.09557877367019119
Fwd Packet Length Std,0.12248848572323189,0.22409266818174492,0.0010837240452757043,0.0007191918298983031,0.1587998735155323,0.0007036883623461453,0.9685167892827442,0.07803917540086763,0.8977110175888656,1.0,0.07528646760319689,0.15266307402783028,0.05578907661743354,0.06709891068947342,0.07637069373326251,0.03651892105561724,0.06674231755707223,0.1543263600160247,0.19600082114847817,0.014718991399696539,0.22105300892137755,0.0832687795647026,0.22955262012756983,0.20138365993027926,0.02919636542033725,0.24207367803036864,0.059261368318145054,0.2685925228122227,0.2505640314951474,0.028035105963682548,0.015874005281574163,,0.0014809422197028998,,0.0005984893833799006,0.0004999554341372537,0.02976972106012603,0.04375718833974885,0.16732093058510694,0.3733250371947212,0.3256249865259301,0.35234628535189,0.27769245426641465,0.009745342345610074,0.015874005281574163,0.014562190337665403,0.19743356946125537,0.0058312761592300595,0.03608553963815818,0.0014809422197028998,0.014511535647079453,0.0651510865303623,0.32135733976105324,0.8977110175888655,0.05578907661743354,0.0005984893833799006,,,,,,,0.0010837240452757043,0.15901413831172068,0.0007191918298983032,0.0007036773649561382,0.13089678917030148,0.014231190521851067,0.0007920659702422593,0.0006587524551452474,0.10290415618873025,0.06514536016636384,0.1112483290097155,0.09131533933682158,0.17387992546058453,0.18862992073205928,0.19417870652926,0.14843669959098568
Bwd Packet Length Max,0.21473193923773323,0.4848172116773934,0.022527806553913392,0.022322079456549494,0.020568480501991636,0.021817910319233903,0.08362723293852047,0.13266927765809935,0.0032508528948199116,0.07528646760319689,1.0,0.24183810683256077,0.9581225284860538,0.9824889838760804,0.023986136154306045,0.11137521282918114,0.21572840421498093,0.47645530142283066,0.5712531077413658,0.0270841921450396,0.4812690587919336,0.20457394675174193,0.596203319116649,0.5668640696671109,0.054002278960853495,0.2104265311585679,0.03560964593185548,0.2794120448094897,0.23277416279161744,0.05254212145015974,0.10111415978345832,,0.0027179977330981596,,0.0012957545453616832,0.0011598105419521566,0.1013293834200287,0.07933756952735088,0.2734676671141478,0.9471210572710588,0.8788578688829434,0.9386123378609225,0.8518607987185212,0.24789243666391642,0.10111415978345832,0.004683567838841403,0.2510200006968442,0.019426018532367688,0.1605781302940437,0.0027179977330981596,0.004639926558806936,0.04589680887043284,0.8737777565757274,0.003250852894819906,0.9581225284860538,0.0012957545453616832,,,,,,,0.022527806553913392,0.020596797963694104,0.022322079456549494,0.021817897565114493,0.10900620777708209,0.06551181776087335,0.016562239133275848,0.0012592279305125402,0.06981968573812718,0.03440062470890627,0.07107943075719668,0.06828571672359401,0.5687432293596221,0.16669437289042788,0.5736566255081069,0.5508280145045158
Bwd Packet Length Min,0.2619049752593481,0.2384440364753356,0.00605944477641137,0.005337707881724594,0.02778943597787801,0.004257230914649077,0.14189843482735473,0.2949332458441775,0.03941876405018379,0.15266307402783028,0.24183810683256077,1.0,0.17229353977988843,0.25824087289100406,0.02004679993677178,0.12316341750495878,0.09339178556257859,0.14493931948477404,0.18612854977411747,0.028822499432694076,0.2340975614646812,0.05753421464998912,0.20237774314552426,0.1830941854528034,0.04468278873339465,0.17035311252508725,0.0014227556181652765,0.1313321998504183,0.09855681704247678,0.05627290896654307,0.0924505485819424,,0.0033763247589552684,,0.0007250222176683468,0.0006684917076934638,0.1185742173451518,0.05462829320560035,0.717673937260873,0.25642659957183384,0.18824510873760095,0.24406498968617263,0.18611866420301182,0.10136254003934791,0.0924505485819424,0.010024958447755456,0.38638348505330966,0.3733909971718463,0.19297500968063197,0.0033763247589552684,0.010044836033738987,0.2013150693562097,0.1619506526605438,0.03941876405018379,0.17229353977988843,0.0007250222176683468,,,,,,,0.006059444776411371,0.027826417344681595,0.005337707881724593,0.004257213687063816,0.29426855455432166,0.14427499606935704,0.0043024429031450736,0.00033801112127523984,0.07278414625712504,0.06290455798348855,0.08846156872681205,0.0577668447022521,0.17297563528812246,0.05987138921065885,0.17631409873823609,0.16548205961659426
Bwd Packet Length Mean,0.24082529078931283,0.44743868437459855,0.021099094201727897,0.021224000640612774,0.016280631809127883,0.020533189013310197,0.06335881381287556,0.11362156523815437,0.014035455800225373,0.05578907661743354,0.9581225284860538,0.17229353977988843,1.0,0.9406744176184053,0.02606244251351541,0.12389619684563019,0.20345759821864293,0.4684033456800744,0.5677307947780919,0.030048529270137132,0.4442478187015628,0.1952830677927267,0.5855647944555291,0.5631209723586769,0.050856948031361454,0.146203889969507,0.015278842309193887,0.225385175102695,0.19114339262800797,0.048409369195659954,0.11051980360495457,,0.003052562030670314,,0.0013814871118901849,0.0011272095144643037,0.11323367816509923,0.08565400809754153,0.22620828021936654,0.9029253122769568,0.9207715339558611,0.9180915464771472,0.7930752557760551,0.21619199927890792,0.11051980360495457,0.005542674743234676,0.2283980049788015,0.0364799155442254,0.17962125669556414,0.003052562030670314,0.0054927530993877935,0.01973605988502741,0.9150858620031009,0.014035455800225366,1.0,0.0013814871118901849,,,,,,,0.021099094201727897,0.016303285995475824,0.021224000640612778,0.020533160573536813,0.10116867384203701,0.07968092009079189,0.01610711319151255,0.0013210291749034522,0.06954325846425996,0.027224559413228277,0.06481343457404823,0.0702512348154518,0.5648504517118412,0.16649372760799908,0.5697987731318002,0.547236927205373
Bwd Packet Length Std,0.1924454247962338,0.4325715059988545,0.006006782736215667,0.005687254015849334,0.007498116278553985,0.005745358451522909,0.06501347045813712,0.13327061672330845,0.006217826857095872,0.06709891068947342,0.9824889838760804,0.25824087289100406,0.9406744176184053,1.0,0.021727072354205332,0.10010631942822948,0.211067751772885,0.46044610126113417,0.5445536396588346,0.024381744531182137,0.42939574548090764,0.1963574438734424,0.571952971975049,0.5404386888563931,0.050375493452248406,0.15286141419549878,0.029527130976744406,0.2504795810366421,0.19930706023453582,0.04927940330885146,0.09285375040102205,,0.0024314753783446453,,0.0011139728578357909,0.0008848205872829545,0.09087482923269803,0.07233667183395745,0.27837374862473985,0.9313478960122822,0.849176411626576,0.9414235534987382,0.8902511110058955,0.2309732076535066,0.09285375040102205,0.004540281368595773,0.2348636987992873,0.007152783144430382,0.14362218940898722,0.0024314753783446453,0.004500760174098636,0.06037337695327516,0.8490915966558449,0.006217826857095858,0.9406744176184051,0.0011139728578357909,,,,,,,0.006006782736215667,0.007508725077623052,0.005687254015849334,0.005745485054593768,0.08859757811542673,0.05966662352810228,0.004265917238997331,0.0011661524437001423,0.05391141028200856,0.0112661796422661,0.04455298583020546,0.05850031786022508,0.5395923657096466,0.1743878479772889,0.54643369210801,0.5206500358494871
Flow Bytes/s,0.07028506265470207,0.0250459513447996,0.0003895488015193781,0.00033385873261903177,0.002261324027743283,0.0005284745443867394,0.03616106185283419,0.0020784778397819046,0.0864587878182693,0.07637069373326251,0.023986136154306045,0.02004679993677178,0.02606244251351541,0.021727072354205332,1.0,0.28727188835295053,0.016424524481701466,0.02062380294937852,0.021331813342022204,0.0030049030901657,0.02457924576100522,0.015502441411432503,0.019243574420573173,0.020942146536057978,0.006666137416390949,0.01953398772109187,0.011480272276092322,0.01338357540618368,0.015452957914857303,0.006565460561578846,0.17199806854398697,,0.0002955686172028123,,3.5747670553345125e-05,6.921405348479025e-05,0.29957634478315626,0.0072192750803414,0.002215234098690062,0.006842025445539677,0.05284180969553148,0.008350424058590222,0.003544147652038905,0.008220848802910793,0.17199806854398697,0.0008693108048785677,0.03231869150915413,0.05871286263685391,0.015278978297691552,0.0002955686172028123,0.0008707487365069258,0.04103895835235572,0.08259505143050123,0.0864587878182693,0.02606244251351541,3.5747670553345125e-05,,,,,,,0.00038954880151937824,0.0022644428940516146,0.00033385873261903177,0.000528503022886014,0.01347951189471954,0.012271813583656697,0.0003956140174549319,8.031190237466826e-05,0.0070578916984268695,0.005891334186725704,0.008402180436034773,0.005659249563100026,0.019990673396613614,0.006171829687059809,0.020276247406609035,0.019244293248806305
Flow Packets/s,0.35953083775174993,0.1105086828337662,0.0023535924105328463,0.0023931843910387487,0.011920994821605913,0.001681065530491925,0.055842564979063036,0.05038485125385686,0.042326242561099285,0.03651892105561724,0.11137521282918114,0.12316341750495878,0.12389619684563019,0.10010631942822948,0.28727188835295053,1.0,0.07241977645344844,0.09093867052483434,0.09407376661465951,0.013248319294124242,0.10844656174139551,0.0683523079939862,0.08485252110445263,0.09235057135178051,0.029389953990548685,0.08621447369232534,0.0506185896519938,0.05901892753129187,0.06815683436069651,0.028946102257724017,0.2882260516976158,,0.009836179578281637,,0.00018965964728884734,0.00031988031857941055,0.980492576047129,0.32336534875476747,0.10182436858155282,0.11149833620975161,0.11360610508454666,0.1072702803195264,0.07170544625957953,0.0006445303992666618,0.2882260516976158,0.0038654059859635718,0.09904666174435219,0.25214784496519804,0.0008654993533757587,0.009836179578281637,0.0038733994661537046,0.13951929043522932,0.10819592286187063,0.0423262425610993,0.12389619684563019,0.00018965964728884734,,,,,,,0.0023535924105328463,0.011936888876942628,0.0023931843910387487,0.0016810505725499345,0.056716190210261704,0.019856339406198607,0.0018099647914704123,0.0003860194109198102,0.03126571470593535,0.025995797995410574,0.03715000182196491,0.025108908900152653,0.0881529082830067,0.02721533432089186,0.089412111659549,0.0848616587471811
Flow IAT Mean,0.1149063276317126,0.5342496876964845,0.0013977652029565377,0.0017400035379705593,0.0025949376375025645,0.001658753810518599,0.06340809815539519,0.021393030542395115,0.04600572971018952,0.06674231755707223,0.21572840421498093,0.09339178556257859,0.20345759821864293,0.211067751772885,0.016424524481701466,0.07241977645344844,1.0,0.7107172304693533,0.6559823462191823,0.630406255117974,0.5339570432384084,0.9017955115524606,0.42034195768362587,0.6544063418019489,0.7741856985743026,0.3475341050579095,0.6331998063260196,0.2585383621155146,0.4878657064023954,0.5734223284879129,0.05205668899322274,,0.001755999627288316,,0.00023121218367051283,0.0005350465104394242,0.06568380484343883,0.052621548921903655,0.043591917864601794,0.219967807470445,0.17135513607393466,0.20180629737422426,0.15079579942286592,0.14657561753327453,0.05205668899322274,0.0025075112771427103,0.06724795533490716,0.09496402707229944,0.01892727102087282,0.001755999627288316,0.002479742675798695,0.08811691196217501,0.1665041209354909,0.046005729710189534,0.20345759821864293,0.00023121218367051283,,,,,,,0.0013977652029565372,0.002598799012488191,0.0017400035379705598,0.001658726863065973,0.007137450851542184,0.03439177759015066,0.0013285342163550102,0.0001336411879920523,0.06221201470550863,0.017334007223261182,0.04864308013396707,0.06323061011327656,0.6064861749625113,0.1402887235110549,0.6082050323061033,0.5927551211228882
Flow IAT Std,0.13354363573676942,0.734439872285126,0.0009949098999214362,0.0014623978246687593,0.012508740763489255,0.0015112467583289395,0.14651888461605508,0.057441085003455704,0.1112691691211179,0.1543263600160247,0.47645530142283066,0.14493931948477404,0.4684033456800744,0.46044610126113417,0.02062380294937852,0.09093867052483434,0.7107172304693533,1.0,0.937529364477109,0.02046472004656177,0.7341344219224858,0.8277051000918428,0.8024980452283834,0.935547995809774,0.5167095020443245,0.45320348141017175,0.6681775179659658,0.480534650199632,0.67676371510953,0.5441921694933555,0.013141239147707649,,0.0022050418775865477,,1.0533096437407717e-05,0.0011345434319064592,0.0824799935622885,0.06607877450205671,0.12764132712580775,0.48680399282632186,0.4082486001997674,0.4552008417047174,0.3352933366906712,0.30163543337575216,0.013141239147707649,0.00918880381668282,0.08708616992905358,0.12254619757430484,0.09430052013162513,0.0022050418775865477,0.009140711999522502,0.09453301753167744,0.39788119020478924,0.1112691691211179,0.4684033456800744,1.0533096437407717e-05,,,,,,,0.0009949098999214362,0.012526081238431725,0.0014623978246687593,0.001511205787171734,0.07009211029095617,0.05047730203096224,0.0012266891772530547,0.0006180953852388152,0.08322542773222144,0.024078405259161644,0.0606194548660714,0.08254899292735236,0.9305163969033126,0.231576135377886,0.9348002683015149,0.9077046174986748
Flow IAT Max,0.13252723854273693,0.7795959213123165,0.001822614161440399,0.0013702742911982572,0.024700348464703394,0.0008060089729846567,0.19117935124329524,0.08271429746466148,0.14129217599637317,0.19600082114847817,0.5712531077413658,0.18612854977411747,0.5677307947780919,0.5445536396588346,0.021331813342022204,0.09407376661465951,0.6559823462191823,0.937529364477109,1.0,0.09604885592928204,0.7792868705564638,0.6775124972724784,0.9151751280232405,0.9980501577986898,0.310211556483279,0.4323610856027492,0.4519908342162501,0.5465420713824078,0.6452983308188085,0.3022521803220862,0.012499027453882922,,0.002281066361748097,,0.0004938169085901777,0.0016307666115019507,0.08532364042202491,0.06835601013222409,0.18033903993799952,0.5864284240967539,0.5026888467430639,0.5467723619669075,0.3945699760914366,0.34104540822612894,0.012499027453882922,0.013991046835639929,0.07436540712332708,0.16134567217003193,0.08235390805218201,0.002281066361748097,0.01393146370729409,0.11929388526340037,0.48842629725741477,0.14129217599637317,0.567730794778092,0.0004938169085901777,,,,,,,0.001822614161440399,0.0247329700621281,0.0013702742911982568,0.0008060340498770837,0.047112200410239766,0.06134762696748354,0.0008149451012984536,0.0012744254397414022,0.1252667145609702,0.04867988136032309,0.09348716711576024,0.11671682000676545,0.979825652981891,0.2776352850298316,0.9894704555058879,0.951169988355022
Flow IAT Min,0.023601793188886843,0.060384236049457626,0.000594335739410771,0.000619766112619879,0.003069492280611512,0.0004312544504695783,0.015747562092306308,0.002021327532008619,0.012137863579136597,0.014718991399696539,0.0270841921450396,0.028822499432694076,0.030048529270137132,0.024381744531182137,0.0030049030901657,0.013248319294124242,0.630406255117974,0.02046472004656177,0.09604885592928204,1.0,0.0609229509739761,0.2866897220479306,0.019879028891572607,0.09593049640238921,0.3274412831753712,0.020524899330347714,0.01109978148736154,0.014286846017112541,0.015926064695996542,0.005783362187608998,0.0830749068565524,,0.00032123098621172403,,0.00013473654222330138,8.60250558449596e-05,0.012016236952781392,0.00962555935910763,0.009933753853297148,0.027885167699961896,0.02999577243766341,0.02822739724475312,0.017910592680475117,0.008746152943239636,0.0830749068565524,0.0009408120834176563,0.03432889213185032,0.07408000663093059,0.07996779332397083,0.00032123098621172403,0.0009428672899636862,0.05167127624825505,0.02934538429907345,0.012137863579136597,0.030048529270137132,0.00013473654222330138,,,,,,,0.000594335739410771,0.003073588322726239,0.000619766112619879,0.00043125123165155114,0.07205027965032594,0.01390606943629969,0.0004649939930871645,0.0001430174885050362,0.0005737208730674708,0.006294629562613176,0.004578100746825058,0.001777938738343687,0.027629262230655847,0.005355829859536671,0.026103882842214526,0.02874543703984991
Fwd IAT Total,0.17301709360721207,0.9985267446650781,0.020212965365304193,0.019016657075317196,0.06252467788846103,0.015665144256137832,0.25879016854526427,0.1188651349574573,0.1300516759279799,0.22105300892137755,0.4812690587919336,0.2340975614646812,0.4442478187015628,0.42939574548090764,0.02457924576100522,0.10844656174139551,0.5339570432384084,0.7341344219224858,0.7792868705564638,0.0609229509739761,1.0,0.5444231215622268,0.7227571173239121,0.7818048504281424,0.21072585522365941,0.8164227581018049,0.4076303401682056,0.5138514173424229,0.5771024034528929,0.21360338746402424,0.01696119913312346,,0.002629602225524705,,0.0006096563252873966,0.001066856056406744,0.09836010082244669,0.07879692046755765,0.24148698216015013,0.4968579624635084,0.4118534873278908,0.4404207853592324,0.2694114743205591,0.21958792602163124,0.01696119913312346,0.007057066320974247,0.16860768033374798,0.035167607799806704,0.11983968609399212,0.002629602225524705,0.007008118710205494,0.1779176280158024,0.38971251032355286,0.1300516759279799,0.44424781870156277,0.0006096563252873966,,,,,,,0.02021296536530419,0.06260625086210143,0.019016657075317196,0.01566467626420357,0.0873967945621267,0.035961470043727156,0.015410109553011779,0.0012522645635253595,0.17973714643938513,0.23480551215516152,0.2851566000391494,0.11290302672220066,0.7642640583748057,0.23949278032748048,0.775806096347301,0.7343298074337647
Fwd IAT Mean,0.10823027607277858,0.5425972964847906,0.0013912578512263241,0.0015683977374592796,0.00414958924041595,0.0015431786622599184,0.07805141435266408,0.013184489311700982,0.06382352441485489,0.0832687795647026,0.20457394675174193,0.05753421464998912,0.1952830677927267,0.1963574438734424,0.015502441411432503,0.0683523079939862,0.9017955115524606,0.8277051000918428,0.6775124972724784,0.2866897220479306,0.5444231215622268,1.0,0.41231772412766604,0.6787695164039891,0.8855686554532035,0.423349604973285,0.8489190046038863,0.2853631772250589,0.623033645427907,0.7973212309483163,0.017682779839114933,,0.0016573632175847998,,0.00020655935765749814,0.0005673621204307637,0.061994373878065015,0.049667509666667706,0.006194112960942082,0.2143830111267675,0.1761602725682913,0.1974812742548402,0.1446994905007029,0.17863346380507766,0.017682779839114933,0.001163047620375159,0.08055507990100559,0.03344740045881235,0.049182782262464655,0.0016573632175847998,0.0011394525507637794,0.04472704342421946,0.1719583455548626,0.06382352441485488,0.19528306779272672,0.00020655935765749814,,,,,,,0.0013912578512263237,0.004155538422343239,0.0015683977374592796,0.0015431529467051857,0.03944338109563736,0.03992978905665719,0.0012704446305593835,0.00016292964627418922,0.04018271400380402,0.009040061637330817,0.03131386811357158,0.042311122268809814,0.6590976048065643,0.12236809917187355,0.6562210706062263,0.6486114579103185
Fwd IAT Std,0.11250567133261527,0.7206442239350602,0.00037080875081378477,0.0008943218980686804,0.021070389780538528,0.0010477960939318447,0.21548805217444583,0.10584882742729085,0.1630351041560195,0.22955262012756983,0.596203319116649,0.20237774314552426,0.5855647944555291,0.571952971975049,0.019243574420573173,0.08485252110445263,0.42034195768362587,0.8024980452283834,0.9151751280232405,0.019879028891572607,0.7227571173239121,0.41231772412766604,1.0,0.917455819412502,0.0412799401983231,0.3748736264373624,0.19373093310670153,0.6275938424348378,0.5414934819498854,0.008427208337969384,0.023090022070083538,,0.002057463490286708,,0.00018967064372501496,0.0015137952347482747,0.07695984743573112,0.06165690490797051,0.21860308026377168,0.6198099214226297,0.5283527174999504,0.5831951640364355,0.4278904182118394,0.41965086261853,0.023090022070083538,0.010745395121055054,0.0710224295135268,0.16694266021298967,0.07933778885247215,0.002057463490286708,0.010695688880664876,0.13553931408405878,0.5150113851914087,0.16303510415601952,0.5855647944555292,0.00018967064372501496,,,,,,,0.00037080875081378493,0.021099301934626523,0.0008943218980686804,0.0010477530918993493,0.059359335598155226,0.04504776726962208,0.0008485665810158982,0.0009622059689048932,0.09057431528804842,0.028011348837029066,0.06703471240642174,0.08912370021785707,0.9030558757556626,0.2763749834196964,0.9141343842478686,0.8736914996215901
Fwd IAT Max,0.13122523500493727,0.7793435274729378,0.0013787025040417514,0.0009118980971235115,0.024779269718396325,0.000354318798342067,0.19527561872125535,0.08943464632817778,0.14478474068235095,0.20138365993027926,0.5668640696671109,0.1830941854528034,0.5631209723586769,0.5404386888563931,0.020942146536057978,0.09235057135178051,0.6544063418019489,0.935547995809774,0.9980501577986898,0.09593049640238921,0.7818048504281424,0.6787695164039891,0.917455819412502,1.0,0.3102620134952673,0.4325577625837072,0.4511588782374751,0.5444681473062112,0.6434524564418814,0.3020556002138315,0.012446132490653952,,0.0022392750252837055,,0.0005102975002687558,0.0016442887114584395,0.08376057286334697,0.06710467009690621,0.17718137317587804,0.5844604356294655,0.49878502926926216,0.5442395721845615,0.39325215113166917,0.34080033647575064,0.012446132490653952,0.013031259864181537,0.0793356346874439,0.16223316493098514,0.08361723730912163,0.0022392750252837055,0.012974296090991311,0.13378961595709804,0.4846524401363286,0.14478474068235095,0.5631209723586769,0.0005102975002687558,,,,,,,0.0013787025040417514,0.024811994136216223,0.0009118980971235116,0.0003543029004359434,0.05044005881325864,0.06185176458072939,0.0004133924657499851,0.0012882509627496134,0.12239569354243589,0.04814179247876986,0.09184112270394695,0.11384858423810518,0.9781959680845662,0.2831004991738261,0.9886172453169307,0.9487440525727486
Fwd IAT Min,0.05603925992406708,0.20952088736243568,0.0013032800542747314,0.0011717208525094482,0.006194645215343941,0.0009477629832891141,0.029973885284143603,0.04190297900689283,0.011616044265656593,0.02919636542033725,0.054002278960853495,0.04468278873339465,0.050856948031361454,0.050375493452248406,0.006666137416390949,0.029389953990548685,0.7741856985743026,0.5167095020443245,0.310211556483279,0.3274412831753712,0.21072585522365941,0.8855686554532035,0.0412799401983231,0.3102620134952673,1.0,0.22400576450148568,0.8192087041556603,0.024239919056282005,0.4047367552131696,0.8836453236028423,0.029665829036954618,,0.0007126211476992903,,0.0002582371254502301,0.00012119426866094193,0.02665615267529718,0.021356076945391645,0.10959469473022641,0.056653516973393436,0.05084632724140052,0.0568766194819092,0.0395787536429342,0.022958955886513466,0.029665829036954618,0.0020864418276704795,0.07987267356207794,0.024802839929347387,0.009684283173687008,0.0007126211476992903,0.002090870687013262,0.02311053988049863,0.048818984982966024,0.01161604426565659,0.05085694803136146,0.0002582371254502301,,,,,,,0.0013032800542747312,0.006202898876983924,0.0011717208525094482,0.0009477557247571342,0.026895455030106968,0.029558718700815306,0.0009424393500627577,0.00023045778018049664,0.003920589644876003,0.013520620378595628,0.011674293719748782,0.000759165157181942,0.2968196704134645,0.0059696861830314234,0.28700325852050473,0.3010105265464505
Bwd IAT Total,0.1213627443719391,0.819627386552049,0.023771935667786258,0.02320020368203001,0.07593510010028053,0.018944949011860023,0.2906734701668473,0.08045146763427226,0.16871126038208303,0.24207367803036864,0.2104265311585679,0.17035311252508725,0.146203889969507,0.15286141419549878,0.01953398772109187,0.08621447369232534,0.3475341050579095,0.45320348141017175,0.4323610856027492,0.020524899330347714,0.8164227581018049,0.423349604973285,0.3748736264373624,0.4325577625837072,0.22400576450148568,1.0,0.5074082719540394,0.6404110023260002,0.719500023874956,0.2669238397426693,0.0005828505908021,,0.0020905409109840786,,0.00015029554828346507,0.0015442842495009517,0.07819618054363298,0.06264117285080067,0.17590093891717026,0.24837489058164433,0.20460996957682578,0.2018142219285172,0.07710364581586915,0.2472971812875475,0.0005828505908021,0.004202373562682087,0.27468722788516703,0.1589839879113943,0.08715616943378378,0.0020905409109840786,0.004219928654620612,0.05551673690377605,0.18493849689575387,0.168711260382083,0.14620388996950698,0.00015029554828346507,,,,,,,0.023771935667786265,0.07603414061149823,0.02320020368203001,0.018944530864444857,0.13908276969675662,0.015289539380479207,0.0189631839200138,0.0012349217679191054,0.1425871005121564,0.2636398857648843,0.28306407603570005,0.06669527681365504,0.43553235922761596,0.11362114781880317,0.4396362827278365,0.41914831505977307
Bwd IAT Mean,0.07673738630374162,0.4081965568659686,0.0009055454745069527,0.0010591971598440766,0.006394501600827679,0.0013201769460450647,0.06120615603320227,0.015034375142070797,0.059599630917293145,0.059261368318145054,0.03560964593185548,0.0014227556181652765,0.015278842309193887,0.029527130976744406,0.011480272276092322,0.0506185896519938,0.6331998063260196,0.6681775179659658,0.4519908342162501,0.01109978148736154,0.4076303401682056,0.8489190046038863,0.19373093310670153,0.4511588782374751,0.8192087041556603,0.5074082719540394,1.0,0.32225497054510704,0.7061431842881307,0.9330715951997391,0.0421750316341286,,0.0012273734980278556,,2.66453271744489e-05,0.0007875845398298979,0.04591023543730398,0.036781276964704145,0.04192538928430913,0.04910644287105293,0.033400424256364664,0.03960405162816189,0.021726974839838337,0.13601956659633674,0.0421750316341286,0.003014753177724631,0.022704160853556057,0.07781126566981242,0.056714232716244914,0.0012273734980278556,0.0030238645572321777,0.01790222556354307,0.031336067094682396,0.05959963091729317,0.015278842309193895,2.66453271744489e-05,,,,,,,0.0009055454745069527,0.006403406462224897,0.0010591971598440763,0.0013201603109675127,0.0260102189347015,0.03376994959195337,0.000688794368294388,0.0004622609832627911,0.04285938912873856,0.06873996637815873,0.05526308993962508,0.017915415899374537,0.4573528700057877,0.07540134554039084,0.4565733104834634,0.45113005202994655
